000000
000001
000002
000003
000004
000005
000006
000007
000008
000009
000010
000012
000013
000014
000017
000018
000019
000020
000022
000023
000024
000025
000026
000027
000028
000029
000030
000032
000035
000036
000037
000039
000040
000041
000043
000044
000045
000046
000047
000049
000051
000052
000053
000054
000055
000056
000057
000058
000059
000060
000061
000064
000066
000068
000069
000070
000071
000072
000074
000075
000076
000077
000079
000080
000082
000084
000086
000087
000088
000089
000090
000092
000094
000095
000096
000097
000098
000099
000100
000101
000103
000104
000105
000106
000107
000109
000110
000112
000113
000114
000115
000116
000117
000119
000120
000121
000122
000123
000124
000125
000126
000128
000129
000130
000133
000134
000137
000140
000141
000142
000143
000145
000147
000148
000150
000151
000152
000153
000154
000156
000157
000159
000160
000161
000162
000165
000166
000167
000168
000170
000171
000173
000174
000175
000177
000178
000179
000180
000181
000184
000185
000186
000187
000188
000189
000190
000191
000192
000193
000194
000195
000196
000197
000198
000199
000200
000201
000202
000203
000204
000205
000207
000208
000209
000210
000211
000212
000213
000215
000216
000217
000218
000219
000220
000221
000222
000223
000224
000225
000226
000227
000228
000229
000230
000231
000233
000234
000237
000238
000239
000240
000242
000243
000244
000246
000248
000253
000254
000255
000257
000258
000259
000260
000261
000262
000263
000264
000265
000266
000267
000268
000269
000271
000272
000273
000274
000275
000276
000277
000278
000279
000281
000282
000284
000288
000290
000291
000292
000293
000294
000299
000300
000301
000302
000303
000304
000307
000308
000309
000310
000313
000314
000315
000316
000317
000318
000320
000322
000323
000324
000325
000326
000327
000328
000330
000331
000332
000339
000340
000341
000342
000343
000344
000345
000347
000348
000349
000350
000352
000353
000354
000355
000356
000357
000358
000359
000360
000361
000362
000363
000365
000366
000367
000368
000369
000370
000371
000374
000376
000377
000378
000379
000380
000382
000383
000384
000385
000387
000389
000390
000391
000394
000395
000397
000398
000400
000401
000402
000403
000404
000405
000406
000408
000409
000411
000412
000415
000416
000417
000418
000419
000423
000424
000425
000426
000428
000433
000434
000436
000437
000438
000440
000442
000443
000444
000445
000446
000448
000449
000450
000453
000454
000455
000456
000457
000458
000460
000461
000462
000464
000465
000467
000470
000471
000472
000473
000474
000475
000476
000478
000479
000482
000483
000484
000486
000487
000488
000489
000490
000491
000492
000493
000494
000495
000496
000497
000498
000499
000500
000501
000502
000503
000504
000505
000506
000507
000508
000509
000510
000511
000513
000515
000516
000517
000518
000521
000522
000523
000524
000525
000526
000531
000532
000533
000534
000535
000536
000538
000540
000541
000542
000544
000545
000546
000547
000548
000549
000550
000551
000552
000553
000554
000555
000557
000558
000560
000561
000562
000563
000564
000565
000566
000567
000569
000570
000571
000572
000573
000574
000575
000576
000577
000578
000579
000580
000581
000582
000583
000584
000585
000586
000587
000589
000590
000591
000592
000593
000594
000595
000596
000597
000602
000603
000605
000606
000608
000609
000610
000612
000613
000615
000616
000619
000620
000621
000622
000623
000624
000625
000626
000628
000629
000630
000632
000633
000634
000635
000636
000637
000640
000641
000644
000645
000646
000647
000651
000652
000653
000654
000655
000657
000658
000659
000660
000661
000664
000665
000666
000667
000668
000669
000670
000671
000672
000673
000675
000677
000678
000679
000684
000685
000686
000688
000689
000691
000693
000694
000695
000696
000698
000699
000702
000706
000710
000711
000713
000714
000715
000716
000717
000718
000719
000721
000722
000723
000724
000725
000726
000728
000729
000731
000732
000733
000734
000736
000737
000738
000740
000741
000742
000743
000744
000745
000746
000748
000749
000750
000751
000752
000753
000754
000756
000758
000759
000763
000764
000765
000766
000767
000768
000769
000770
000771
000772
000774
000776
000777
000778
000779
000780
000781
000782
000785
000786
000788
000789
000790
000791
000792
000793
000794
000795
000796
000797
000798
000799
000800
000801
000802
000803
000804
000805
000806
000807
000808
000810
000811
000812
000813
000814
000815
000816
000817
000819
000820
000821
000822
000823
000824
000826
000828
000829
000832
000833
000834
000835
000836
000837
000838
000839
000841
000843
000844
000845
000846
000847
000848
000850
000851
000852
000854
000855
000856
000858
000860
000862
000865
000868
000870
000871
000872
000873
000876
000878
000879
000880
000881
000882
000884
000885
000886
000887
000889
000890
000891
000892
000893
000894
000896
000898
000900
000902
000903
000904
000905
000908
000911
000913
000914
000915
000917
000918
000919
000922
000923
000924
000927
000929
000931
000934
000935
000936
000937
000939
000940
000942
000944
000945
000947
000948
000949
000950
000951
000952
000954
000955
000957
000958
000959
000960
000961
000962
000963
000964
000966
000968
000969
000970
000971
000973
000974
000975
000976
000978
000979
000980
000981
000982
000983
000984
000985
000986
000987
000990
000991
000992
000993
000995
000998
001000
001001
001002
001003
001004
001006
001008
001010
001011
001012
001014
001015
001017
001019
001021
001022
001023
001025
001026
001027
001028
001029
001030
001031
001032
001033
001034
001035
001036
001037
001038
001039
001040
001043
001044
001045
001046
001047
001048
001049
001050
001051
001052
001053
001054
001055
001056
001057
001058
001059
001060
001061
001063
001064
001065
001066
001067
001068
001069
001071
001072
001073
001074
001076
001078
001079
001081
001083
001086
001088
001089
001090
001091
001092
001093
001094
001095
001096
001097
001098
001099
001100
001101
001104
001105
001107
001110
001112
001113
001114
001115
001116
001117
001118
001119
001120
001121
001122
001124
001125
001126
001128
001130
001133
001135
001136
001137
001138
001141
001142
001145
001146
001147
001148
001149
001151
001153
001155
001156
001157
001158
001160
001162
001164
001165
001166
001167
001168
001169
001170
001171
001172
001173
001174
001175
001176
001179
001185
001186
001188
001189
001190
001192
001193
001194
001195
001196
001197
001198
001199
001200
001201
001202
001203
001204
001205
001206
001207
001209
001210
001211
001212
001213
001214
001215
001216
001217
001218
001219
001220
001221
001223
001224
001226
001228
001229
001231
001234
001235
001236
001238
001239
001240
001243
001244
001245
001246
001248
001250
001251
001252
001254
001255
001256
001257
001258
001259
001260
001261
001263
001264
001266
001269
001270
001271
001273
001274
001275
001277
001278
001279
001280
001281
001282
001283
001284
001285
001286
001287
001288
001289
001290
001291
001292
001294
001295
001298
001300
001301
001302
001303
001304
001305
001306
001307
001310
001312
001313
001314
001317
001319
001321
001323
001324
001325
001327
001328
001329
001331
001332
001334
001335
001336
001337
001338
001339
001340
001342
001343
001344
001345
001348
001349
001351
001352
001354
001356
001357
001358
001359
001362
001363
001364
001365
001368
001369
001370
001372
001373
001374
001377
001378
001379
001381
001383
001384
001387
001388
001389
001392
001393
001394
001395
001396
001397
001399
001400
001401
001406
001407
001408
001409
001411
001412
001413
001415
001416
001417
001418
001420
001422
001423
001424
001425
001428
001429
001430
001431
001432
001434
001436
001437
001438
001439
001440
001442
001443
001445
001447
001448
001449
001450
001451
001452
001454
001455
001456
001458
001459
001460
001461
001462
001463
001466
001468
001470
001471
001472
001473
001474
001475
001476
001477
001479
001480
001481
001482
001484
001485
001486
001487
001488
001489
001492
001493
001495
001496
001497
001498
001499
001500
001501
001502
001503
001504
001507
001508
001509
001511
001512
001513
001515
001516
001517
001518
001519
001520
001521
001522
001524
001525
001526
001527
001528
001529
001530
001531
001533
001534
001535
001537
001538
001539
001540
001541
001542
001543
001545
001546
001547
001548
001550
001551
001552
001555
001556
001557
001558
001560
001561
001562
001563
001564
001566
001567
001568
001569
001570
001571
001575
001578
001579
001580
001581
001582
001583
001584
001585
001586
001587
001588
001589
001591
001592
001594
001595
001596
001597
001598
001599
001600
001601
001602
001603
001604
001605
001606
001607
001608
001609
001610
001611
001612
001613
001615
001616
001617
001618
001619
001620
001622
001623
001624
001625
001626
001627
001628
001629
001630
001631
001632
001633
001634
001635
001637
001638
001639
001640
001641
001642
001643
001646
001647
001648
001649
001653
001654
001655
001657
001658
001659
001660
001662
001663
001665
001666
001667
001668
001669
001671
001672
001674
001675
001676
001677
001678
001679
001680
001681
001682
001683
001687
001688
001689
001690
001691
001692
001693
001694
001696
001697
001698
001699
001700
001701
001702
001703
001705
001706
001708
001711
001713
001715
001716
001717
001718
001719
001720
001721
001723
001724
001725
001726
001727
001728
001729
001732
001733
001736
001737
001738
001741
001742
001744
001746
001747
001748
001749
001750
001752
001755
001757
001758
001760
001763
001764
001765
001766
001767
001768
001769
001770
001772
001773
001774
001775
001777
001778
001779
001780
001781
001782
001783
001785
001786
001787
001789
001791
001792
001793
001794
001795
001797
001798
001799
001800
001801
001802
001803
001804
001807
001808
001810
001811
001815
001816
001817
001818
001819
001820
001821
001823
001825
001826
001828
001830
001831
001832
001833
001834
001835
001836
001837
001838
001840
001841
001842
001844
001845
001846
001847
001848
001852
001853
001854
001856
001857
001858
001861
001862
001863
001864
001866
001869
001870
001874
001875
001876
001877
001879
001880
001882
001883
001884
001885
001886
001887
001889
001891
001893
001894
001896
001897
001898
001901
001902
001903
001904
001906
001907
001908
001909
001910
001911
001912
001913
001914
001915
001916
001917
001918
001919
001920
001921
001922
001924
001925
001926
001927
001929
001930
001932
001933
001934
001936
001937
001938
001939
001940
001941
001942
001945
001946
001948
001949
001950
001951
001952
001953
001954
001955
001956
001957
001958
001960
001963
001964
001965
001967
001968
001969
001971
001975
001976
001977
001978
001979
001980
001981
001982
001984
001985
001986
001987
001988
001989
001990
001992
001993
001994
001995
001997
001998
001999
002000
002001
002002
002003
002004
002005
002006
002008
002012
002014
002015
002016
002017
002018
002021
002022
002023
002024
002025
002026
002028
002029
002030
002031
002032
002033
002034
002035
002036
002037
002038
002041
002042
002043
002044
002045
002047
002049
002051
002052
002056
002058
002059
002060
002061
002062
002063
002064
002065
002066
002067
002068
002069
002070
002071
002072
002073
002074
002075
002077
002078
002079
002080
002081
002083
002084
002085
002086
002089
002092
002093
002094
002095
002096
002098
002099
002101
002102
002103
002104
002105
002106
002108
002110
002111
002112
002115
002116
002119
002120
002121
002122
002123
002124
002125
002126
002128
002129
002130
002132
002133
002135
002136
002137
002138
002139
002141
002142
002143
002144
002145
002147
002148
002149
002150
002151
002152
002154
002155
002156
002159
002160
002161
002164
002165
002166
002167
002168
002169
002170
002171
002172
002174
002175
002176
002179
002180
002181
002182
002183
002184
002185
002186
002187
002188
002190
002191
002192
002193
002194
002195
002197
002199
002200
002201
002202
002204
002205
002207
002208
002209
002210
002211
002212
002214
002215
002216
002220
002221
002226
002227
002230
002231
002233
002234
002235
002236
002237
002238
002239
002240
002241
002242
002243
002245
002246
002248
002249
002250
002251
002252
002253
002254
002255
002256
002257
002258
002259
002261
002263
002264
002265
002267
002268
002269
002271
002273
002274
002275
002276
002277
002278
002279
002280
002281
002283
002284
002286
002287
002288
002290
002291
002292
002296
002297
002300
002301
002304
002306
002307
002309
002310
002311
002313
002314
002317
002318
002319
002321
002322
002323
002324
002325
002327
002328
002330
002331
002332
002333
002334
002335
002337
002338
002342
002343
002344
002345
002350
002351
002352
002354
002355
002356
002359
002363
002364
002365
002366
002367
002368
002369
002370
002371
002372
002374
002375
002376
002377
002378
002379
002380
002381
002382
002383
002384
002386
002387
002388
002390
002391
002392
002393
002394
002396
002398
002399
002400
002401
002402
002403
002404
002405
002406
002407
002408
002410
002412
002414
002415
002418
002419
002420
002421
002422
002423
002425
002426
002427
002428
002429
002430
002431
002433
002435
002437
002438
002439
002440
002441
002442
002443
002445
002446
002447
002449
002450
002451
002452
002453
002454
002458
002459
002462
002464
002465
002466
002467
002468
002471
002472
002473
002474
002475
002476
002477
002478
002479
002481
002482
002483
002484
002485
002486
002488
002489
002490
002491
002492
002494
002495
002497
002499
002500
002501
002503
002504
002505
002508
002511
002512
002513
002515
002518
002519
002520
002521
002522
002523
002525
002526
002527
002528
002529
002530
002531
002533
002534
002537
002538
002541
002542
002543
002544
002545
002547
002548
002549
002550
002551
002553
002554
002555
002558
002559
002560
002561
002562
002564
002565
002566
002570
002571
002572
002574
002575
002577
002578
002579
002580
002581
002582
002583
002584
002585
002587
002588
002591
002592
002593
002596
002597
002598
002599
002600
002601
002603
002604
002606
002607
002608
002611
002612
002613
002614
002615
002620
002621
002622
002624
002625
002626
002627
002628
002629
002630
002631
002633
002634
002635
002636
002637
002639
002640
002641
002642
002644
002645
002646
002647
002648
002649
002650
002651
002652
002653
002654
002656
002658
002659
002660
002661
002662
002663
002664
002665
002666
002667
002668
002669
002671
002674
002675
002676
002677
002678
002679
002680
002681
002682
002683
002684
002686
002687
002688
002690
002691
002694
002695
002697
002698
002699
002700
002701
002703
002704
002705
002706
002707
002708
002709
002710
002711
002712
002713
002714
002715
002716
002717
002718
002719
002720
002721
002723
002724
002725
002727
002728
002729
002730
002732
002733
002734
002736
002738
002739
002742
002743
002744
002746
002748
002749
002750
002751
002752
002755
002756
002757
002758
002759
002760
002761
002763
002764
002765
002766
002767
002768
002770
002771
002772
002773
002774
002775
002776
002777
002778
002779
002781
002782
002784
002785
002786
002787
002788
002789
002790
002791
002793
002794
002795
002796
002797
002798
002799
002800
002801
002802
002803
002804
002805
002806
002807
002808
002810
002814
002815
002816
002818
002819
002820
002821
002822
002823
002824
002827
002828
002829
002830
002832
002833
002834
002835
002836
002837
002838
002839
002840
002841
002842
002844
002846
002847
002848
002849
002850
002851
002852
002854
002855
002856
002857
002858
002859
002860
002861
002863
002864
002866
002868
002870
002871
002872
002873
002874
002877
002878
002879
002880
002882
002883
002884
002886
002887
002888
002890
002891
002893
002895
002896
002897
002898
002900
002901
002902
002904
002905
002906
002907
002908
002909
002911
002912
002913
002914
002915
002916
002917
002920
002921
002922
002923
002924
002925
002926
002928
002929
002930
002931
002933
002934
002935
002936
002937
002939
002940
002941
002943
002944
002945
002947
002950
002951
002952
002953
002954
002956
002957
002958
002959
002960
002961
002962
002964
002966
002967
002969
002971
002972
002975
002977
002979
002980
002982
002983
002986
002988
002989
002990
002991
002993
002994
002995
002996
002997
002998
002999
003000
003002
003005
003007
003008
003009
003010
003011
003012
003013
003014
003015
003016
003017
003018
003019
003020
003023
003024
003025
003029
003030
003031
003032
003033
003035
003036
003037
003038
003039
003040
003041
003042
003045
003048
003051
003052
003053
003054
003055
003056
003058
003059
003061
003062
003063
003065
003066
003068
003072
003074
003076
003077
003078
003081
003082
003083
003084
003085
003087
003088
003089
003092
003093
003094
003095
003096
003097
003098
003099
003100
003101
003103
003104
003105
003106
003108
003109
003110
003111
003112
003113
003114
003115
003116
003118
003119
003120
003121
003122
003123
003124
003125
003126
003127
003128
003129
003130
003131
003132
003133
003134
003135
003136
003137
003138
003139
003140
003141
003143
003147
003148
003149
003150
003151
003152
003155
003156
003157
003158
003159
003161
003163
003164
003166
003167
003168
003170
003171
003172
003174
003176
003177
003179
003180
003181
003183
003184
003185
003186
003187
003188
003190
003192
003194
003195
003196
003197
003199
003200
003201
003202
003204
003205
003206
003207
003208
003209
003210
003211
003213
003215
003217
003219
003220
003222
003223
003224
003225
003226
003228
003229
003230
003231
003232
003235
003236
003237
003238
003239
003240
003241
003242
003245
003246
003247
003248
003249
003251
003252
003254
003255
003257
003258
003259
003260
003261
003262
003265
003267
003268
003269
003270
003271
003272
003274
003277
003278
003279
003280
003281
003282
003283
003286
003287
003288
003290
003292
003294
003295
003296
003298
003300
003301
003302
003303
003304
003306
003307
003308
003309
003310
003311
003312
003313
003315
003317
003318
003319
003321
003323
003325
003326
003328
003329
003332
003333
003334
003336
003337
003338
003339
003340
003341
003344
003346
003348
003349
003350
003351
003352
003353
003354
003355
003356
003357
003358
003359
003360
003361
003362
003363
003365
003366
003367
003368
003369
003370
003371
003372
003373
003374
003375
003376
003377
003379
003380
003381
003382
003383
003384
003385
003387
003389
003391
003392
003393
003396
003397
003399
003400
003402
003403
003404
003405
003406
003407
003408
003409
003410
003412
003413
003416
003417
003418
003419
003420
003423
003424
003425
003426
003430
003431
003432
003433
003434
003435
003437
003438
003439
003440
003441
003443
003445
003446
003447
003450
003451
003452
003453
003454
003455
003456
003457
003458
003459
003460
003461
003463
003464
003465
003466
003467
003469
003470
003471
003472
003473
003474
003475
003476
003477
003478
003480
003481
003482
003483
003484
003485
003486
003487
003488
003489
003490
003491
003492
003493
003494
003496
003497
003498
003501
003502
003503
003506
003507
003508
003509
003510
003511
003513
003515
003516
003517
003519
003520
003523
003524
003527
003528
003529
003530
003531
003532
003534
003535
003536
003537
003538
003539
003541
003542
003544
003547
003548
003549
003550
003552
003553
003554
003555
003556
003557
003558
003559
003563
003565
003566
003567
003569
003570
003571
003573
003575
003577
003581
003583
003585
003586
003587
003588
003589
003590
003592
003593
003594
003596
003597
003598
003599
003600
003601
003602
003603
003604
003605
003606
003607
003608
003609
003610
003611
003612
003613
003614
003616
003617
003618
003619
003620
003623
003624
003625
003626
003627
003628
003629
003630
003631
003635
003636
003637
003638
003639
003641
003642
003643
003644
003645
003646
003647
003648
003649
003651
003652
003655
003656
003657
003658
003659
003660
003661
003662
003663
003664
003666
003668
003669
003671
003672
003673
003678
003679
003680
003682
003683
003684
003685
003688
003689
003690
003691
003692
003693
003695
003697
003698
003699
003700
003702
003703
003704
003705
003706
003709
003710
003712
003713
003714
003715
003718
003719
003720
003723
003724
003726
003727
003728
003729
003731
003732
003733
003734
003735
003736
003737
003738
003739
003741
003743
003744
003746
003748
003749
003752
003753
003754
003755
003756
003757
003758
003759
003760
003761
003762
003764
003765
003766
003767
003770
003771
003773
003774
003775
003777
003779
003781
003782
003783
003784
003786
003787
003788
003789
003790
003792
003793
003794
003797
003798
003802
003803
003805
003806
003807
003808
003809
003810
003811
003813
003815
003816
003817
003818
003819
003820
003823
003825
003826
003827
003828
003829
003830
003832
003833
003834
003835
003837
003838
003840
003841
003842
003843
003844
003845
003846
003847
003848
003849
003851
003852
003853
003855
003856
003857
003858
003859
003862
003863
003864
003865
003866
003868
003869
003870
003871
003872
003874
003875
003876
003877
003878
003881
003882
003883
003884
003885
003886
003887
003888
003889
003891
003893
003894
003897
003898
003899
003900
003902
003903
003904
003905
003907
003909
003911
003913
003915
003916
003917
003918
003919
003921
003924
003925
003926
003927
003928
003929
003930
003932
003933
003935
003936
003937
003938
003939
003941
003942
003944
003947
003948
003949
003950
003951
003953
003954
003956
003957
003958
003960
003961
003962
003963
003964
003965
003966
003967
003968
003970
003971
003972
003973
003974
003975
003976
003981
003982
003985
003988
003989
003990
003991
003992
003993
003994
003995
003996
003997
003998
003999
004000
004001
004002
004003
004004
004005
004006
004008
004009
004010
004011
004012
004013
004014
004015
004017
004018
004019
004020
004021
004023
004024
004025
004026
004027
004029
004030
004032
004033
004034
004035
004036
004037
004038
004039
004040
004043
004045
004047
004048
004049
004050
004051
004052
004053
004054
004055
004056
004058
004059
004060
004061
004063
004064
004065
004066
004067
004070
004072
004074
004078
004080
004081
004083
004084
004085
004086
004088
004089
004091
004094
004095
004096
004097
004098
004099
004102
004105
004107
004109
004110
004112
004113
004114
004115
004116
004117
004118
004119
004125
004126
004129
004130
004131
004132
004133
004134
004135
004136
004137
004139
004140
004141
004142
004143
004144
004145
004146
004148
004149
004151
004152
004153
004156
004157
004158
004160
004162
004164
004165
004166
004167
004169
004170
004173
004175
004177
004179
004181
004182
004183
004185
004186
004187
004189
004190
004192
004196
004197
004199
004200
004201
004202
004203
004204
004206
004208
004209
004211
004212
004217
004218
004220
004221
004223
004224
004225
004226
004228
004229
004230
004231
004233
004235
004236
004238
004241
004242
004243
004244
004245
004246
004248
004250
004251
004252
004254
004255
004256
004258
004259
004261
004262
004263
004264
004265
004266
004269
004270
004271
004272
004276
004277
004278
004279
004282
004283
004285
004286
004287
004289
004291
004293
004294
004297
004299
004300
004303
004305
004306
004307
004308
004310
004311
004312
004313
004314
004315
004316
004317
004318
004319
004320
004321
004322
004323
004324
004325
004326
004327
004328
004329
004331
004332
004333
004334
004335
004337
004339
004340
004341
004343
004344
004345
004346
004347
004348
004349
004351
004353
004354
004355
004356
004358
004359
004361
004363
004364
004366
004367
004369
004370
004371
004373
004374
004375
004376
004377
004378
004379
004380
004381
004383
004384
004385
004387
004390
004393
004394
004396
004397
004398
004399
004400
004401
004402
004404
004405
004406
004407
004408
004409
004410
004411
004412
004413
004414
004415
004416
004417
004418
004419
004420
004421
004422
004424
004425
004426
004427
004428
004430
004431
004433
004434
004437
004439
004441
004442
004443
004444
004445
004447
004449
004450
004451
004452
004455
004458
004460
004461
004462
004463
004464
004470
004471
004473
004476
004479
004480
004482
004483
004484
004486
004487
004488
004489
004490
004491
004492
004494
004495
004496
004497
004498
004500
004501
004502
004504
004505
004506
004508
004510
004511
004512
004513
004516
004517
004518
004520
004523
004524
004525
004526
004527
004529
004532
004534
004535
004536
004537
004538
004539
004540
004541
004542
004544
004546
004547
004548
004549
004550
004551
004552
004553
004554
004558
004559
004562
004563
004565
004566
004567
004568
004569
004570
004571
004572
004573
004575
004577
004578
004579
004580
004581
004582
004583
004584
004585
004586
004591
004593
004594
004595
004597
004598
004601
004602
004603
004604
004605
004606
004607
004608
004609
004611
004612
004613
004619
004620
004621
004623
004624
004625
004626
004629
004632
004633
004634
004635
004636
004638
004639
004640
004641
004643
004644
004645
004646
004647
004650
004653
004654
004656
004658
004659
004660
004662
004663
004664
004665
004666
004667
004668
004669
004673
004674
004677
004678
004679
004680
004681
004682
004683
004684
004685
004687
004689
004691
004692
004693
004694
004695
004696
004697
004698
004700
004701
004703
004707
004708
004709
004710
004712
004713
004715
004716
004717
004718
004720
004721
004722
004723
004725
004726
004728
004729
004730
004731
004732
004733
004734
004735
004736
004739
004740
004741
004742
004743
004744
004746
004747
004748
004749
004750
004752
004753
004754
004755
004756
004757
004758
004759
004760
004761
004762
004764
004765
004766
004767
004768
004769
004770
004771
004772
004774
004775
004777
004778
004779
004782
004785
004787
004788
004790
004791
004794
004795
004796
004797
004798
004799
004800
004801
004802
004804
004805
004807
004808
004809
004810
004811
004812
004813
004814
004815
004816
004818
004819
004820
004821
004822
004823
004828
004829
004830
004831
004832
004834
004835
004836
004842
004843
004844
004845
004847
004848
004849
004850
004851
004853
004854
004855
004856
004857
004858
004859
004860
004861
004863
004864
004865
004868
004869
004870
004871
004872
004873
004874
004875
004876
004877
004879
004880
004881
004882
004883
004884
004886
004887
004888
004891
004892
004893
004894
004895
004897
004898
004899
004900
004901
004904
004905
004906
004907
004908
004909
004910
004911
004912
004914
004916
004917
004918
004919
004920
004921
004922
004924
004925
004928
004930
004931
004932
004933
004934
004936
004937
004940
004943
004944
004945
004946
004947
004948
004949
004950
004951
004952
004953
004954
004955
004956
004957
004958
004959
004960
004962
004963
004964
004965
004966
004967
004968
004969
004970
004971
004972
004973
004974
004975
004976
004977
004978
004981
004983
004984
004985
004986
004987
004988
004990
004991
004992
004994
004995
004996
004997
004998
004999
005001
005002
005003
005006
005007
005008
005011
005012
005016
005017
005019
005020
005021
005022
005023
005025
005026
005027
005028
005029
005030
005031
005032
005033
005034
005035
005036
005037
005040
005042
005043
005045
005046
005047
005048
005049
005050
005051
005052
005053
005054
005055
005056
005058
005059
005060
005062
005063
005064
005065
005066
005067
005068
005069
005070
005071
005072
005073
005074
005075
005076
005077
005080
005081
005082
005083
005084
005086
005087
005088
005089
005090
005091
005093
005095
005096
005097
005098
005099
005100
005101
005102
005103
005104
005106
005107
005108
005111
005113
005114
005115
005116
005118
005120
005121
005122
005123
005124
005126
005127
005129
005134
005135
005136
005138
005139
005141
005142
005143
005145
005146
005147
005148
005149
005150
005151
005152
005153
005154
005155
005156
005157
005160
005161
005162
005163
005164
005165
005167
005170
005172
005173
005174
005175
005176
005177
005178
005179
005181
005182
005185
005186
005187
005188
005189
005190
005191
005192
005193
005194
005195
005196
005197
005198
005200
005201
005202
005203
005204
005206
005208
005209
005210
005211
005213
005214
005215
005217
005218
005219
005220
005222
005223
005224
005225
005226
005228
005229
005230
005231
005232
005233
005234
005235
005236
005238
005239
005240
005241
005242
005243
005245
005246
005248
005249
005251
005253
005254
005256
005257
005258
005260
005261
005263
005264
005265
005266
005269
005270
005272
005273
005274
005275
005276
005277
005278
005279
005280
005281
005282
005283
005284
005285
005288
005290
005291
005292
005293
005294
005297
005298
005299
005300
005301
005302
005303
005304
005305
005307
005308
005309
005310
005311
005312
005313
005314
005315
005316
005317
005318
005320
005321
005322
005326
005327
005328
005329
005331
005332
005333
005334
005336
005337
005338
005339
005340
005342
005343
005344
005345
005346
005349
005350
005351
005352
005353
005354
005356
005357
005358
005360
005361
005362
005366
005367
005368
005369
005370
005371
005373
005375
005376
005377
005378
005379
005380
005382
005383
005384
005385
005386
005387
005388
005389
005390
005391
005392
005394
005395
005396
005397
005398
005399
005400
005401
005402
005403
005404
005405
005406
005407
005408
005410
005411
005414
005415
005416
005418
005419
005420
005421
005423
005424
005425
005426
005428
005430
005435
005439
005440
005441
005442
005443
005444
005445
005446
005448
005450
005451
005452
005455
005456
005457
005458
005459
005460
005461
005462
005465
005468
005469
005470
005471
005472
005475
005476
005478
005479
005481
005482
005483
005484
005486
005487
005489
005490
005491
005492
005493
005494
005495
005496
005497
005498
005501
005502
005503
005504
005505
005508
005509
005510
005511
005513
005514
005515
005516
005517
005518
005520
005521
005522
005526
005527
005528
005531
005533
005535
005536
005537
005539
005540
005541
005543
005544
005545
005546
005547
005548
005549
005550
005553
005554
005556
005558
005559
005560
005561
005562
005563
005564
005565
005566
005567
005568
005569
005571
005572
005573
005576
005577
005578
005579
005580
005582
005583
005584
005585
005586
005589
005590
005592
005593
005594
005595
005596
005597
005600
005602
005603
005604
005605
005606
005608
005609
005610
005611
005612
005613
005615
005616
005617
005618
005619
005620
005621
005622
005623
005624
005626
005627
005628
005629
005630
005631
005632
005633
005634
005635
005636
005638
005639
005640
005641
005642
005643
005644
005645
005646
005647
005648
005649
005650
005651
005652
005654
005655
005656
005657
005658
005659
005661
005662
005663
005664
005665
005666
005667
005669
005670
005671
005672
005675
005677
005678
005681
005682
005683
005684
005685
005686
005687
005688
005689
005690
005692
005695
005696
005697
005698
005699
005702
005703
005704
005706
005707
005708
005709
005711
005712
005713
005714
005717
005718
005719
005720
005721
005722
005723
005725
005726
005727
005729
005731
005732
005733
005734
005735
005736
005737
005739
005740
005744
005745
005746
005747
005748
005749
005750
005751
005753
005754
005755
005756
005757
005758
005759
005760
005761
005764
005765
005766
005767
005769
005771
005772
005773
005775
005777
005778
005779
005780
005782
005784
005785
005786
005788
005791
005793
005795
005797
005798
005799
005800
005802
005803
005805
005806
005807
005808
005809
005810
005811
005813
005814
005816
005817
005818
005819
005820
005821
005823
005824
005826
005828
005829
005830
005832
005835
005836
005837
005838
005839
005840
005841
005842
005844
005845
005846
005847
005848
005849
005850
005852
005854
005855
005856
005857
005858
005859
005861
005862
005863
005864
005865
005866
005868
005870
005871
005872
005874
005875
005877
005878
005880
005882
005883
005884
005885
005886
005887
005888
005889
005890
005891
005892
005893
005894
005896
005898
005899
005900
005901
005903
005904
005905
005906
005907
005908
005910
005911
005912
005913
005914
005916
005918
005919
005921
005922
005923
005924
005925
005928
005929
005930
005931
005932
005933
005934
005935
005936
005939
005942
005943
005944
005945
005947
005948
005950
005951
005952
005953
005954
005956
005959
005961
005962
005963
005965
005966
005967
005968
005970
005973
005975
005976
005977
005979
005980
005981
005983
005984
005985
005987
005988
005989
005990
005991
005993
005995
005996
005997
005998
005999
006000
006002
006003
006004
006005
006008
006009
006010
006011
006012
006013
006015
006016
006017
006019
006021
006023
006025
006027
006029
006030
006031
006034
006036
006037
006038
006041
006042
006043
006044
006045
006046
006047
006049
006050
006051
006054
006055
006056
006057
006058
006060
006061
006062
006063
006064
006065
006067
006068
006069
006070
006071
006072
006073
006074
006075
006076
006077
006078
006079
006080
006083
006084
006087
006088
006089
006091
006092
006093
006094
006095
006097
006098
006099
006100
006103
006104
006105
006106
006107
006108
006109
006110
006112
006113
006114
006115
006117
006118
006119
006120
006122
006123
006126
006127
006128
006129
006131
006132
006133
006135
006136
006137
006139
006140
006141
006142
006144
006145
006146
006147
006148
006149
006151
006152
006153
006154
006155
006156
006158
006159
006160
006162
006164
006166
006169
006170
006171
006172
006173
006174
006175
006176
006177
006178
006181
006182
006183
006184
006185
006186
006187
006188
006190
006191
006192
006194
006195
006197
006198
006200
006201
006203
006204
006205
006206
006208
006209
006210
006211
006212
006214
006215
006216
006217
006218
006219
006220
006221
006224
006225
006226
006227
006228
006230
006232
006233
006234
006235
006236
006237
006238
006239
006243
006244
006246
006247
006248
006249
006251
006252
006254
006255
006256
006257
006258
006259
006260
006261
006262
006264
006265
006267
006268
006269
006270
006271
006272
006273
006274
006275
006276
006277
006280
006281
006282
006283
006284
006285
006286
006287
006288
006289
006290
006291
006292
006293
006294
006295
006297
006299
006300
006301
006302
006303
006304
006306
006307
006308
006309
006310
006313
006315
006316
006318
006319
006321
006323
006324
006326
006328
006329
006330
006332
006334
006335
006336
006337
006338
006340
006341
006344
006345
006347
006348
006350
006351
006352
006353
006354
006356
006357
006358
006359
006362
006363
006365
006366
006367
006369
006370
006371
006372
006373
006376
006377
006379
006381
006382
006383
006386
006387
006388
006389
006390
006391
006393
006394
006396
006397
006398
006399
006401
006402
006403
006404
006405
006407
006409
006410
006414
006415
006416
006418
006419
006420
006421
006423
006424
006425
006426
006427
006428
006431
006432
006433
006434
006435
006436
006438
006440
006443
006445
006448
006449
006451
006452
006453
006454
006457
006458
006460
006464
006465
006466
006467
006468
006469
006471
006472
006473
006474
006475
006476
006478
006480
006481
006482
006483
006485
006486
006487
006488
006489
006490
006492
006494
006495
006496
006497
006499
006500
006501
006502
006503
006504
006505
006508
006509
006510
006511
006512
006514
006518
006519
006520
006521
006522
006523
006524
006525
006527
006529
006530
006531
006532
006533
006535
006536
006537
006538
006539
006540
006541
006542
006544
006545
006547
006548
006549
006550
006551
006552
006553
006556
006558
006559
006560
006562
006565
006566
006567
006568
006570
006571
006572
006573
006574
006575
006576
006577
006578
006579
006580
006583
006584
006585
006586
006587
006588
006591
006593
006594
006595
006596
006597
006598
006600
006601
006602
006603
006604
006606
006607
006608
006609
006610
006611
006612
006613
006615
006616
006617
006618
006621
006622
006623
006626
006627
006628
006631
006632
006634
006635
006641
006643
006645
006646
006647
006650
006651
006652
006653
006655
006657
006659
006660
006661
006662
006664
006665
006666
006667
006668
006671
006672
006675
006677
006679
006682
006683
006685
006686
006689
006691
006692
006693
006694
006695
006696
006697
006698
006699
006700
006701
006702
006703
006704
006705
006706
006707
006708
006709
006710
006711
006713
006714
006715
006716
006717
006718
006719
006720
006722
006723
006725
006726
006727
006728
006729
006730
006732
006733
006734
006735
006736
006737
006738
006739
006740
006741
006742
006743
006746
006747
006750
006751
006752
006753
006754
006759
006760
006761
006762
006763
006764
006765
006767
006768
006769
006770
006771
006772
006773
006774
006775
006776
006777
006778
006779
006780
006781
006782
006783
006784
006788
006789
006791
006793
006795
006796
006797
006799
006801
006802
006804
006805
006806
006807
006808
006809
006810
006811
006812
006813
006814
006816
006817
006818
006819
006821
006822
006825
006827
006828
006830
006831
006832
006833
006834
006836
006837
006838
006839
006840
006841
006842
006843
006844
006845
006847
006848
006849
006850
006851
006852
006853
006854
006855
006857
006858
006859
006861
006862
006864
006865
006866
006867
006869
006871
006872
006874
006877
006878
006879
006880
006881
006882
006883
006884
006885
006886
006887
006888
006889
006890
006891
006892
006894
006895
006896
006897
006901
006903
006904
006905
006910
006911
006914
006917
006918
006919
006920
006922
006923
006927
006928
006929
006930
006931
006932
006933
006934
006937
006938
006939
006940
006941
006943
006944
006945
006946
006947
006948
006949
006950
006953
006954
006955
006956
006957
006958
006961
006962
006963
006964
006965
006968
006969
006970
006971
006973
006974
006977
006978
006980
006984
006986
006988
006989
006990
006991
006992
006993
006995
006996
006997
006998
006999
007000
007002
007003
007004
007005
007006
007007
007008
007009
007010
007013
007014
007015
007016
007017
007018
007019
007020
007021
007023
007024
007025
007026
007027
007028
007029
007030
007031
007032
007033
007034
007036
007037
007038
007039
007040
007042
007043
007044
007045
007046
007048
007049
007052
007053
007054
007055
007056
007057
007058
007059
007060
007062
007063
007064
007065
007066
007067
007069
007071
007072
007073
007074
007075
007076
007077
007078
007079
007080
007081
007082
007083
007086
007087
007088
007089
007091
007092
007093
007094
007095
007096
007097
007099
007100
007101
007102
007103
007104
007105
007106
007107
007108
007109
007111
007112
007113
007114
007115
007118
007120
007121
007122
007123
007124
007126
007127
007128
007129
007130
007131
007132
007133
007135
007137
007139
007141
007142
007144
007145
007146
007147
007148
007149
007150
007152
007154
007156
007160
007161
007163
007165
007166
007168
007169
007171
007173
007174
007175
007176
007177
007179
007180
007181
007182
007183
007184
007186
007187
007188
007190
007191
007192
007194
007195
007196
007197
007198
007199
007200
007201
007202
007203
007205
007206
007207
007208
007209
007210
007211
007214
007215
007217
007218
007220
007221
007222
007223
007224
007225
007229
007231
007232
007233
007234
007235
007236
007237
007238
007239
007241
007243
007244
007245
007246
007249
007250
007251
007252
007253
007254
007256
007257
007258
007259
007260
007261
007262
007263
007264
007266
007267
007268
007269
007271
007272
007273
007274
007275
007276
007277
007278
007279
007280
007281
007282
007283
007284
007285
007288
007289
007290
007291
007293
007294
007295
007298
007299
007300
007301
007304
007305
007308
007309
007311
007312
007313
007314
007315
007316
007318
007319
007320
007321
007323
007324
007325
007327
007328
007329
007330
007332
007333
007334
007335
007336
007337
007338
007340
007342
007343
007344
007346
007348
007349
007350
007352
007353
007356
007357
007358
007359
007360
007361
007362
007363
007371
007372
007374
007376
007377
007378
007379
007380
007381
007382
007384
007385
007386
007387
007388
007391
007392
007394
007395
007397
007398
007399
007400
007401
007402
007404
007405
007407
007408
007409
007411
007412
007413
007415
007418
007419
007420
007421
007422
007423
007424
007425
007426
007427
007428
007431
007432
007433
007434
007435
007436
007439
007440
007441
007442
007443
007444
007445
007448
007449
007450
007451
007454
007456
007459
007461
007462
007463
007464
007466
007467
007468
007470
007472
007474
007475
007477
007478
007480
007481
007482
007483
007484
007485
007487
007489
007490
007491
007493
007494
007495
007496
007498
007499
007500
007501
007503
007505
007506
007507
007508
007509
007511
007512
007514
007516
007517
007518
007519
007520
007525
007526
007527
007528
007529
007530
007532
007533
007534
007535
007537
007538
007541
007542
007543
007544
007545
007546
007547
007549
007550
007552
007553
007554
007556
007557
007558
007559
007560
007561
007562
007563
007564
007565
007566
007568
007569
007571
007573
007574
007575
007576
007579
007580
007581
007582
007584
007585
007586
007587
007588
007589
007590
007591
007592
007595
007600
007601
007602
007603
007604
007606
007608
007610
007611
007613
007615
007616
007617
007618
007620
007621
007624
007625
007627
007628
007629
007630
007631
007633
007634
007635
007636
007639
007640
007641
007643
007644
007645
007647
007648
007649
007650
007651
007653
007654
007655
007656
007657
007658
007659
007660
007662
007663
007664
007665
007666
007668
007669
007670
007671
007672
007673
007675
007677
007678
007679
007680
007682
007683
007686
007687
007688
007689
007691
007693
007694
007695
007696
007697
007698
007700
007701
007702
007704
007705
007708
007710
007711
007712
007713
007716
007718
007719
007720
007721
007722
007723
007724
007725
007728
007729
007730
007731
007732
007734
007736
007737
007738
007739
007740
007741
007743
007744
007745
007746
007747
007748
007749
007751
007752
007754
007755
007756
007757
007758
007760
007762
007763
007765
007766
007767
007772
007773
007774
007775
007777
007780
007781
007782
007783
007784
007785
007786
007787
007788
007791
007792
007793
007794
007795
007797
007798
007801
007802
007804
007805
007806
007807
007808
007809
007810
007811
007812
007814
007815
007816
007817
007818
007821
007822
007823
007825
007826
007828
007829
007830
007831
007832
007833
007834
007835
007837
007838
007839
007841
007843
007844
007845
007846
007848
007849
007850
007851
007852
007853
007854
007855
007856
007857
007858
007859
007860
007862
007863
007864
007865
007866
007867
007868
007869
007870
007872
007873
007874
007875
007876
007877
007878
007879
007880
007881
007882
007884
007885
007886
007887
007889
007891
007893
007894
007895
007897
007898
007899
007901
007902
007903
007904
007905
007906
007909
007910
007911
007912
007913
007914
007915
007916
007918
007919
007922
007923
007924
007925
007926
007927
007928
007929
007930
007931
007932
007933
007934
007935
007936
007937
007938
007939
007940
007943
007944
007945
007947
007948
007950
007951
007952
007953
007956
007957
007958
007959
007961
007962
007963
007966
007968
007969
007970
007971
007972
007973
007974
007975
007976
007977
007978
007979
007980
007982
007983
007985
007986
007987
007990
007991
007992
007993
007995
007996
007998
007999
